batch_index,start_block,end_block,log_count
0,5157692,5200632,516
1,5200633,5243573,310
2,5243574,5286514,355
3,5286515,5329455,510
4,5329456,5372396,393
5,5372397,5415337,359
6,5415338,5458278,572
7,5458279,5501219,1372
8,5501220,5544160,639
9,5544161,5587101,571
10,5587102,5630042,352
11,5630043,5672983,358
12,5672984,5715924,376
13,5715925,5758865,339
14,5758866,5801806,356
15,5801807,5844747,447
16,5844748,5887688,369
17,5887689,5930629,351
18,5930630,5973570,362
19,5973571,6016511,451
20,6016512,6059452,553
21,6059453,6102393,450
22,6102394,6145334,460
23,6145335,6188275,401
24,6188276,6231216,417
25,6231217,6274157,481
26,6274158,6317098,437
27,6317099,6360039,487
28,6360040,6402980,443
29,6402981,6445921,418
30,6445922,6488862,407
31,6488863,6531803,406
32,6531804,6574744,1060
33,6574745,6617685,1123
34,6617686,6660626,535
35,6660627,6703567,1137
36,6703568,6746508,1997
37,6746509,6789449,351
38,6789450,6832390,255
39,6832391,6875331,299
40,6875332,6918272,288
41,6918273,6961213,213
42,6961214,7004154,225
43,7004155,7047095,253
44,7047096,7090036,309
45,7090037,7132977,213
46,7132978,7175918,275
47,7175919,7218859,345
48,7218860,7261800,316
49,7261801,7304770,323
total_logs,24235
